0,446
0,2
0,243
679,5
679,4
679,3
679,2
679,1
679,0
678,4
678,3
678,2
678,1
678,0
677,3
677,2
677,1
677,0
676,5
676,4
676,3
676,2
676,1
676,0
675,5
675,4
675,3
675,2
675,1
675,0
674,4
674,3
674,2
674,1
674,0
673,4
673,3
673,2
673,1
673,0
672,5
672,4
672,3
672,2
672,1
672,0
671,4
671,3
671,2
671,1
671,0
670,3
670,2
670,1
670,0
669,6
669,5
669,4
669,3
669,2
669,1
669,0
668,5
668,4
668,3
668,2
668,1
668,0
667,4
667,3
667,2
667,1
667,0
666,3
666,2
666,1
666,0
665,3
665,2
665,1
665,0
664,4
664,3
664,2
664,1
664,0
663,3
663,2
663,1
663,0
662,5
662,4
662,3
662,2
662,1
662,0
0,445
661,4
661,3
661,2
661,1
661,0
660,3
660,2
660,1
660,0
659,5
659,4
659,3
659,2
659,1
659,0
658,4
658,3
658,2
658,1
658,0
0,444
657,3
657,2
657,1
657,0
656,6
656,5
656,4
656,3
656,2
656,1
656,0
655,5
655,4
655,3
655,2
655,1
655,0
654,4
654,3
654,2
654,1
654,0
653,3
653,2
653,1
653,0
0,443
652,6
652,5
652,4
652,3
652,2
652,1
652,0
651,5
651,4
651,3
651,2
651,1
651,0
650,4
650,3
650,2
650,1
650,0
649,3
649,2
649,1
649,0
648,5
648,4
648,3
648,2
648,1
648,0
647,4
647,3
647,2
647,1
647,0
646,3
646,2
646,1
646,0
0,442
645,5
645,4
645,3
645,2
645,1
645,0
644,4
644,3
644,2
644,1
644,0
643,3
643,2
643,1
643,0
642,3
642,2
642,1
642,0
641,4
641,3
641,2
641,1
641,0
640,3
640,2
640,1
640,0
639,3
639,2
639,1
639,0
638,4
638,3
638,2
638,1
638,0
637,3
637,2
637,1
637,0
636,4
636,3
636,2
636,1
636,0
635,3
635,2
635,1
635,0
634,3
634,2
634,1
634,0
633,3
633,2
633,1
633,0
632,4
0,441
632,3
632,2
632,1
632,0
631,6
631,5
631,4
631,3
631,2
631,1
631,0
630,4
630,3
630,2
630,1
630,0
629,3
629,2
629,1
629,0
628,4
628,3
628,2
628,1
628,0
627,3
627,2
627,1
627,0
626,3
626,2
626,1
626,0
625,3
625,2
625,1
625,0
0,440
624,5
624,4
624,3
624,2
624,1
624,0
623,4
623,3
623,2
623,1
623,0
622,3
622,2
622,1
622,0
621,5
621,4
621,3
621,2
621,1
621,0
620,5
620,4
620,3
620,2
620,1
620,0
619,4
619,3
619,2
619,1
619,0
618,4
618,3
618,2
618,1
618,0
617,5
617,4
617,3
617,2
617,1
617,0
0,438
616,4
616,3
616,2
616,1
616,0
615,3
615,2
615,1
615,0
0,439
614,6
614,5
614,4
614,3
614,2
614,1
614,0
613,5
613,4
613,3
613,2
613,1
613,0
612,4
612,3
612,2
612,1
612,0
611,3
611,2
611,1
611,0
610,3
610,2
610,1
610,0
609,4
609,3
609,2
609,1
609,0
608,3
608,2
608,1
608,0
2,6
607,5
607,4
607,3
607,2
607,1
607,0
606,4
606,3
606,2
606,1
606,0
605,3
605,2
605,1
605,0
604,5
604,4
604,3
604,2
604,1
604,0
603,4
603,3
603,2
603,1
603,0
0,301
602,3
602,2
602,1
602,0
2,1
2,4
601,6
601,5
601,4
601,3
601,2
601,1
601,0
600,5
600,4
600,3
600,2
600,1
600,0
599,4
599,3
599,2
599,1
599,0
598,3
598,2
598,1
598,0
597,6
597,5
597,4
597,3
597,2
597,1
597,0
596,5
596,4
596,3
596,2
596,1
596,0
595,4
595,3
595,2
595,1
595,0
594,3
594,2
594,1
594,0
593,5
593,4
593,3
593,2
593,1
593,0
592,4
592,3
592,2
592,1
592,0
591,3
591,2
591,1
591,0
590,5
590,4
590,3
590,2
590,1
590,0
589,4
589,3
589,2
589,1
589,0
588,3
588,2
588,1
588,0
0,437
587,3
587,2
587,1
587,0
0,435
586,4
586,3
586,2
586,1
586,0
585,3
585,2
585,1
585,0
0,429
584,3
584,2
584,1
584,0
583,4
583,3
583,2
583,1
583,0
582,3
582,2
582,1
582,0
0,424
581,4
581,3
581,2
581,1
581,0
580,3
580,2
580,1
580,0
579,3
579,2
579,1
579,0
578,3
578,2
578,1
578,0
577,4
577,3
577,2
577,1
577,0
576,6
576,5
576,4
576,3
576,2
576,1
576,0
0,395
575,4
575,3
575,2
0,388
575,1
575,0
574,3
574,2
574,1
574,0
0,419
0,412
0,411
0,344
573,4
573,3
573,2
573,1
573,0
0,339
572,3
572,2
572,1
572,0
571,3
571,2
571,1
571,0
570,3
570,2
570,1
570,0
0,7
0,364
0,405
0,420
0,338
0,415
0,318
0,368
0,323
0,357
0,373
0,371
0,335
0,355
0,321
0,367
0,393
0,398
0,315
0,306
0,426
0,403
0,328
0,360
0,352
0,356
0,434
0,363
0,353
0,314
0,392
0,361
0,417
0,334
0,381
0,350
0,354
0,351
0,311
0,432
0,317
0,290
0,284
0,278
0,359
0,275
0,423
0,274
0,342
0,273
0,409
0,272
0,394
0,271
0,374
0,270
0,370
0,269
0,377
0,268
0,348
0,267
0,309
0,266
0,265
0,427
0,264
0,391
0,263
0,407
0,262
0,261
0,358
0,260
0,387
0,259
0,384
0,258
0,376
0,257
0,316
0,256
0,340
0,255
0,375
0,254
0,319
0,253
0,362
0,252
0,251
0,250
0,249
0,248
0,247
0,246
0,245
0,244
0,242
0,241
0,240
0,239
0,238
0,237
0,236
0,235
0,234
0,233
0,232
0,231
0,230
0,229
0,228
0,227
0,226
0,225
0,224
0,223
0,222
0,221
0,220
0,219
0,218
0,217
0,216
0,215
0,214
0,213
0,212
0,211
0,210
0,209
0,322
0,206
0,313
0,208
0,346
0,207
0,203
0,410
0,406
0,205
0,204
0,320
0,200
0,372
0,202
0,425
0,201
0,347
0,197
0,431
0,199
0,198
0,332
0,194
0,345
0,196
0,343
0,195
0,327
0,63
0,430
0,193
0,325
0,192
0,337
0,60
0,304
0,302
0,341
0,305
0,62
0,336
0,61
0,400
0,57
0,396
0,59
0,366
0,390
0,58
0,54
0,436
0,56
0,331
0,55
0,51
0,404
0,53
0,382
0,52
0,422
2,2
2,0
0,48
0,4
0,308
0,307
0,9
0,10
0,312
0,12
0,11
0,310
0,8
0,303
0,50
0,421
0,49
0,330
0,389
0,47
0,46
0,418
0,45
0,365
0,385
0,6
0,300
0,333
0,299
0,326
0,298
0,378
0,297
0,296
0,369
0,295
0,294
0,329
0,293
0,414
0,292
0,428
0,291
0,402
0,289
0,416
0,288
0,433
0,287
0,383
0,380
0,286
0,285
0,413
2,5
0,283
0,399
0,282
0,397
0,281
0,324
0,379
0,408
0,0
0,280
0,279
0,349
0,277
0,386
2,3
0,276
0,401
1,3
569,5
569,4
569,3
569,2
569,1
569,0
568,4
568,3
568,2
568,1
568,0
567,3
567,2
567,1
567,0
566,5
566,4
566,3
566,2
566,1
566,0
565,5
565,4
565,3
565,2
565,1
565,0
564,4
564,3
564,2
564,1
564,0
563,4
563,3
563,2
563,1
563,0
562,5
562,4
562,3
562,2
562,1
562,0
561,4
561,3
561,2
561,1
561,0
560,3
560,2
560,1
560,0
559,6
559,5
559,4
559,3
559,2
559,1
559,0
558,5
558,4
558,3
558,2
558,1
558,0
557,4
557,3
557,2
557,1
557,0
556,3
556,2
556,1
556,0
555,3
555,2
555,1
555,0
554,4
554,3
554,2
554,1
554,0
553,3
553,2
553,1
553,0
552,5
552,4
552,3
552,2
552,1
552,0
551,4
551,3
551,2
551,1
551,0
550,3
550,2
550,1
550,0
549,5
549,4
549,3
549,2
549,1
549,0
548,4
548,3
548,2
548,1
548,0
547,3
547,2
547,1
547,0
546,6
546,5
546,4
546,3
546,2
546,1
546,0
545,5
545,4
545,3
545,2
545,1
545,0
544,4
544,3
544,2
544,1
544,0
543,3
543,2
543,1
543,0
542,6
542,5
542,4
542,3
542,2
542,1
542,0
541,5
541,4
541,3
541,2
541,1
541,0
540,4
540,3
540,2
540,1
540,0
539,3
539,2
539,1
539,0
538,5
538,4
538,3
538,2
538,1
538,0
537,4
537,3
537,2
537,1
537,0
536,3
536,2
536,1
536,0
535,5
535,4
535,3
535,2
535,1
535,0
534,4
534,3
534,2
534,1
534,0
533,3
533,2
533,1
533,0
532,3
532,2
532,1
532,0
531,4
531,3
531,2
531,1
531,0
530,3
530,2
530,1
530,0
529,3
529,2
529,1
529,0
528,4
528,3
528,2
528,1
528,0
527,3
527,2
527,1
527,0
526,4
526,3
526,2
526,1
526,0
525,3
525,2
525,1
525,0
524,3
524,2
524,1
524,0
523,3
523,2
523,1
523,0
522,4
522,3
522,2
522,1
522,0
521,6
521,5
521,4
521,3
521,2
521,1
521,0
520,4
520,3
520,2
520,1
520,0
519,3
519,2
519,1
519,0
518,4
518,3
518,2
518,1
518,0
517,3
517,2
517,1
517,0
516,3
516,2
516,1
516,0
515,3
515,2
515,1
515,0
514,5
514,4
514,3
514,2
514,1
514,0
513,4
513,3
513,2
513,1
513,0
512,3
512,2
512,1
512,0
511,5
511,4
511,3
511,2
511,1
511,0
510,5
510,4
510,3
510,2
510,1
510,0
509,4
509,3
509,2
509,1
509,0
508,4
508,3
508,2
508,1
508,0
507,5
507,4
507,3
507,2
507,1
507,0
506,4
506,3
506,2
506,1
506,0
505,3
505,2
505,1
505,0
504,6
504,5
504,4
504,3
504,2
504,1
504,0
503,5
503,4
503,3
503,2
503,1
503,0
502,4
502,3
502,2
502,1
502,0
501,3
501,2
501,1
501,0
500,3
500,2
500,1
500,0
499,4
499,3
499,2
499,1
499,0
498,3
498,2
498,1
498,0
497,5
497,4
497,3
497,2
497,1
497,0
496,4
496,3
496,2
496,1
496,0
495,3
495,2
495,1
495,0
494,5
494,4
494,3
494,2
494,1
494,0
493,4
493,3
493,2
493,1
493,0
492,3
492,2
492,1
492,0
491,6
491,5
491,4
491,3
491,2
491,1
491,0
490,5
490,4
490,3
490,2
490,1
490,0
489,4
489,3
489,2
489,1
489,0
488,3
488,2
488,1
488,0
487,6
487,5
487,4
487,3
487,2
487,1
487,0
486,5
486,4
486,3
486,2
486,1
486,0
485,4
485,3
485,2
485,1
485,0
484,3
484,2
484,1
484,0
483,5
483,4
483,3
483,2
483,1
483,0
482,4
482,3
482,2
482,1
482,0
481,3
481,2
481,1
481,0
480,5
480,4
480,3
480,2
480,1
480,0
479,4
479,3
479,2
479,1
479,0
478,3
478,2
478,1
478,0
477,3
477,2
477,1
477,0
476,4
476,3
476,2
476,1
476,0
475,3
475,2
475,1
475,0
474,3
474,2
474,1
474,0
473,4
473,3
473,2
473,1
473,0
472,3
472,2
472,1
472,0
471,4
471,3
471,2
471,1
471,0
470,3
470,2
470,1
470,0
469,3
469,2
469,1
469,0
468,3
468,2
468,1
468,0
467,4
467,3
467,2
467,1
467,0
466,6
466,5
466,4
466,3
466,2
466,1
466,0
465,4
465,3
465,2
465,1
465,0
464,3
464,2
464,1
464,0
463,4
463,3
463,2
463,1
463,0
462,3
462,2
462,1
462,0
461,3
461,2
461,1
461,0
460,3
460,2
460,1
460,0
459,5
459,4
459,3
459,2
459,1
459,0
458,4
458,3
458,2
458,1
458,0
457,3
457,2
457,1
457,0
456,5
456,4
456,3
456,2
456,1
456,0
455,5
455,4
455,3
455,2
455,1
455,0
454,4
454,3
454,2
454,1
454,0
453,4
453,3
453,2
453,1
453,0
452,5
452,4
452,3
452,2
452,1
452,0
451,4
451,3
451,2
451,1
451,0
450,3
450,2
450,1
450,0
449,6
449,5
449,4
449,3
449,2
449,1
449,0
448,5
448,4
448,3
448,2
448,1
448,0
447,4
447,3
447,2
447,1
447,0
446,3
446,2
446,1
446,0
445,3
445,2
445,1
445,0
444,4
444,3
444,2
444,1
444,0
443,3
443,2
443,1
443,0
442,5
442,4
442,3
442,2
442,1
442,0
441,4
441,3
441,2
441,1
441,0
440,3
440,2
440,1
440,0
439,5
439,4
439,3
439,2
439,1
439,0
438,4
438,3
438,2
438,1
438,0
437,3
437,2
437,1
437,0
436,6
436,5
436,4
436,3
436,2
436,1
436,0
435,5
435,4
435,3
435,2
435,1
435,0
434,4
434,3
434,2
434,1
434,0
433,3
433,2
433,1
433,0
432,6
432,5
432,4
432,3
432,2
432,1
432,0
431,5
431,4
431,3
431,2
431,1
431,0
430,4
430,3
430,2
430,1
430,0
429,3
429,2
429,1
429,0
428,5
428,4
428,3
428,2
428,1
428,0
427,4
427,3
427,2
427,1
427,0
426,3
426,2
426,1
426,0
425,5
425,4
425,3
425,2
425,1
425,0
424,4
424,3
424,2
424,1
424,0
423,3
423,2
423,1
423,0
422,3
422,2
422,1
422,0
421,4
421,3
421,2
421,1
421,0
420,3
420,2
420,1
420,0
419,3
419,2
419,1
419,0
418,4
418,3
418,2
418,1
418,0
417,3
417,2
417,1
417,0
416,4
416,3
416,2
416,1
416,0
415,3
415,2
415,1
415,0
414,3
414,2
414,1
414,0
413,3
413,2
413,1
413,0
412,4
412,3
412,2
412,1
412,0
411,6
411,5
411,4
411,3
411,2
411,1
411,0
410,4
410,3
410,2
410,1
410,0
409,3
409,2
409,1
409,0
408,4
408,3
408,2
408,1
408,0
407,3
407,2
407,1
407,0
406,3
406,2
406,1
406,0
405,3
405,2
405,1
405,0
404,5
404,4
404,3
404,2
404,1
404,0
403,4
403,3
403,2
403,1
403,0
402,3
402,2
402,1
402,0
401,5
401,4
401,3
401,2
401,1
401,0
400,5
400,4
400,3
400,2
400,1
400,0
399,4
399,3
399,2
399,1
399,0
398,4
398,3
398,2
398,1
398,0
397,5
397,4
397,3
397,2
397,1
397,0
396,4
396,3
396,2
396,1
396,0
395,3
395,2
395,1
395,0
394,6
394,5
394,4
394,3
394,2
394,1
394,0
393,5
393,4
393,3
393,2
393,1
393,0
392,4
392,3
392,2
392,1
392,0
391,3
391,2
391,1
391,0
390,3
390,2
390,1
390,0
389,4
389,3
389,2
389,1
389,0
388,3
388,2
388,1
388,0
387,5
387,4
387,3
387,2
387,1
387,0
386,4
386,3
386,2
386,1
386,0
385,3
385,2
385,1
385,0
384,5
384,4
384,3
384,2
384,1
384,0
383,4
383,3
383,2
383,1
383,0
382,3
382,2
382,1
382,0
381,6
381,5
381,4
381,3
381,2
381,1
381,0
380,5
380,4
380,3
380,2
380,1
380,0
379,4
379,3
379,2
379,1
379,0
378,3
378,2
378,1
378,0
377,6
377,5
377,4
377,3
377,2
377,1
377,0
376,5
376,4
376,3
376,2
376,1
376,0
375,4
375,3
375,2
375,1
375,0
374,3
374,2
374,1
374,0
373,5
373,4
373,3
373,2
373,1
373,0
372,4
372,3
372,2
372,1
372,0
371,3
371,2
371,1
371,0
370,5
370,4
370,3
370,2
370,1
370,0
369,4
369,3
369,2
369,1
369,0
368,3
368,2
368,1
368,0
367,3
367,2
367,1
367,0
366,4
366,3
366,2
366,1
366,0
365,3
365,2
365,1
365,0
364,3
364,2
364,1
364,0
363,4
363,3
363,2
363,1
363,0
362,3
362,2
362,1
362,0
361,4
361,3
361,2
361,1
361,0
360,3
360,2
360,1
360,0
359,3
359,2
359,1
359,0
358,3
358,2
358,1
358,0
357,4
357,3
357,2
357,1
357,0
356,6
356,5
356,4
356,3
356,2
356,1
356,0
355,4
355,3
355,2
355,1
355,0
354,3
354,2
354,1
354,0
353,4
353,3
353,2
353,1
353,0
352,3
352,2
352,1
352,0
351,3
351,2
351,1
351,0
350,3
350,2
350,1
350,0
349,5
349,4
349,3
349,2
349,1
349,0
348,4
348,3
348,2
348,1
348,0
347,3
347,2
347,1
347,0
346,5
346,4
346,3
346,2
346,1
346,0
345,5
345,4
345,3
345,2
345,1
345,0
344,4
344,3
344,2
344,1
344,0
343,4
343,3
343,2
343,1
343,0
342,5
342,4
342,3
342,2
342,1
342,0
341,4
341,3
341,2
341,1
341,0
340,3
340,2
340,1
340,0
339,6
339,5
339,4
339,3
339,2
339,1
339,0
2,7
338,5
338,4
338,3
338,2
338,1
338,0
337,4
337,3
337,2
337,1
337,0
336,3
336,2
336,1
336,0
335,3
335,2
335,1
335,0
334,4
334,3
334,2
334,1
334,0
333,3
333,2
333,1
333,0
332,5
332,4
332,3
332,2
